#N a pars
1
#N data
100
#Subject
1	1	1	1	1	1	1	1	1	1	2	2	2	2	2	2	2	2	2	2	3	3	3	3	3	3	3	3	3	3	4	4	4	4	4	4	4	4	4	4	5	5	5	5	5	5	5	5	5	5	6	6	6	6	6	6	6	6	6	6	7	7	7	7	7	7	7	7	7	7	8	8	8	8	8	8	8	8	8	8	9	9	9	9	9	9	9	9	9	9	10	10	10	10	10	10	10	10	10	10
#Length
2	4	6	8	10	12	14	16	18	20	2	4	6	8	10	12	14	16	18	20	2	4	6	8	10	12	14	16	18	20	2	4	6	8	10	12	14	16	18	20	2	4	6	8	10	12	14	16	18	20	2	4	6	8	10	12	14	16	18	20	2	4	6	8	10	12	14	16	18	20	2	4	6	8	10	12	14	16	18	20	2	4	6	8	10	12	14	16	18	20	2	4	6	8	10	12	14	16	18	20
#Weight
0.007	0.105	0.232	0.516	1.033	1.45	3.348	3.98	5.415	8.136	0.008	0.068	0.256	0.738	1.689	1.974	3.862	3.612	6.614	11.17	0.009	0.059	0.184	0.562	1.089	1.744	2.086	3.866	5.298	6.445	0.006	0.083	0.131	0.419	0.531	1.817	2.409	5.345	5.324	6.285	0.01	0.077	0.291	0.604	1.451	2.555	5.448	3.484	6.211	11.015	0.004	0.053	0.198	0.391	0.949	1.861	2.305	2.855	5.287	5.642	0.009	0.073	0.206	0.615	1.412	1.415	2.517	3.371	8.813	9.927	0.011	0.072	0.398	0.718	0.991	1.732	3.685	5.095	7.144	12.247	0.005	0.046	0.137	0.3	0.556	1.327	1.772	2.15	5.791	4.732	0.009	0.071	0.236	0.699	1.072	2.485	2.049	5.298	7.194	10.158
