# Number of Stocks
  50
# Number of years of data (total)
  40   40   40   40   40   40   40   40   40   40   40   40   40   40   40   40   40   40   40   40   40   40   40   40   40   40   40   40   40   40   40   40   40   40   40   40   40   40   40   40   40   40   40   40   40   40   40   40   40   40
# Number of years of data (maximum)
  40
# Lag to recruitment
   5
# Biomass data
 107.3085947  109.1456921  107.7554649  105.0034893   99.7741692   95.1824745   90.6871799   85.4661336   82.5411015   78.8797688   72.5149317   67.4731194   64.4730244   60.7644878   57.0597658   51.7269700   47.4891073   46.2076359   43.6051043   40.0000000   36.2277898   35.2867456   32.6617425   32.3027388   32.2235019   31.6401753   30.0296500   28.4406677   29.4100355   30.7250293   30.7544464   31.3096781   32.3586482   32.4354149   32.3833720   32.6174296
 101.2612682  101.5713011  100.6422790   98.5355876   95.7070311   92.6863479   89.6431350   86.0858163   82.3484679   78.6919317   75.0066036   70.7449624   66.7989277   62.7499745   59.0226969   55.1451883   50.7492647   46.6287118   43.1051973   40.0000000   36.6778212   34.2305670   32.0882342   30.4797351   29.1662939   27.8633372   26.5147160   25.6220200   24.8255221   24.1391761   23.5028123   23.3133088   23.2297058   23.4120968   23.6613839   23.7714070
 104.8664653  107.0889037  105.1820331  101.9902839   97.5257437   91.8810835   87.0651479   82.4170458   76.6465270   71.0089713   65.4045540   62.9321338   60.1721507   55.6433991   52.4536004   48.3118144   45.9440361   42.8463627   41.6625108   40.0000000   38.5095869   37.5846335   35.2092604   34.1010449   32.8892168   32.6794764   34.0605649   34.5604170   35.0516071   35.4104091   36.6969468   37.6177663   39.2530585   39.2523568   40.8962726   42.3487744
 101.4892211  102.0345946  101.7175728  100.3492418   98.4717835   95.9110009   92.9361131   89.3991793   85.4023181   81.6262109   77.1638143   72.5860143   68.4777699   64.2830767   59.6722031   55.3188998   50.9543901   47.0564754   43.5398791   40.0000000   37.3959522   35.4209648   33.3872739   31.5683015   30.2081004   29.2528140   28.5503284   28.1547142   27.8380959   27.4172008   27.4472756   27.4109038   27.6316410   27.9039281   28.4251155   28.8844567
 105.9524660  106.8974342  104.9410994   99.6641685   93.6771314   86.3174971   82.8296055   80.9056321   73.1513076   70.3083654   66.8638160   62.0152884   57.0131628   53.3643345   47.8361990   44.0703924   43.0652957   44.0931800   39.0945526   40.0000000   36.3935666   34.5128308   34.2126265   35.0893031   35.2196997   36.3528846   36.1382535   36.4217737   37.1182193   38.6347072   41.1765186   42.6050173   42.0602600   41.2167817   43.4287687   47.9365398
 101.7120399  101.0247136   99.4077845   99.1495766   93.4645617   91.9090005   85.9144832   79.1373450   75.0891362   70.6096065   66.5488807   63.8670276   58.9027388   56.4359152   51.0684074   49.2850167   46.2118640   43.2203712   41.2744902   40.0000000   39.2196224   36.1149617   35.6461246   34.0500016   32.5467901   33.4363319   34.7854458   36.7880733   39.4886325   39.8192688   41.4854280   41.0719846   41.5510963   44.1124336   46.4709110   49.4904702
 101.9959016  101.8864083  100.4242284   98.6484931   95.8412533   92.7602763   89.0403868   84.6392404   79.7111927   75.0888155   70.1126929   66.4498683   62.9246518   59.5130025   55.8125652   52.0594354   48.7075891   45.9282867   42.8348340   40.0000000   37.7122808   36.7959310   36.1439968   36.1322540   36.5660104   36.1466942   36.3103905   36.3996028   36.6912503   37.1203699   37.6202186   38.7698066   39.5806694   40.8109946   42.3346720   43.8314212
 106.1465178  107.7789018  109.6308159  103.8998124   96.8193226   91.8717839   88.4344529   81.8243958   75.9443198   69.8063516   64.5575884   62.4149881   60.3599062   55.4582939   53.7859669   49.9771521   47.7942745   43.8184980   44.5278479   40.0000000   41.4223459   41.7968352   39.9094714   36.3956838   39.5606802   39.9780601   40.6670667   44.3873457   47.5228256   49.5192610   49.4703088   51.2455204   50.6699908   52.2859858   56.1292568   57.0668141
 103.1337338  104.2290039  103.7409134  100.5090943   97.0721230   93.4678298   90.0861876   85.2655291   80.8557069   76.9271330   74.1019084   69.4895872   65.5287747   61.1477440   56.8915233   53.1362592   50.2122112   46.8699220   43.2539487   40.0000000   37.7356246   36.7429518   35.9255056   35.0799554   33.7976898   34.7131453   34.8465751   34.4569237   34.4088843   34.5446329   34.8331758   35.3797612   35.9667810   36.8419918   38.2669710   39.6270451
 106.4488966  109.9728438  108.5449578  105.0200059  100.6662061   96.6275899   91.9020413   87.4412425   82.0868932   77.0246519   72.6009931   70.0712303   65.8651061   60.7570281   57.3478222   53.4689909   50.9084442   47.9021372   44.3166089   40.0000000   37.9733960   36.2295272   35.7473955   37.0635005   37.2682619   37.2572303   36.1188986   36.6498989   38.2627488   39.2418598   40.2978037   41.3441947   42.0406467   43.7778800   44.4569658   46.6897659
 108.0348566  109.3077432  108.4994059  106.8164457   98.3821105   90.9489539   85.0960150   78.6652393   71.6657838   65.9170010   60.9465406   56.4517437   54.0446312   52.1747212   49.7387209   47.7822038   45.3323094   44.5354957   41.5593207   40.0000000   37.9152240   36.7170976   36.2484279   35.4713308   38.8849297   42.2497769   44.2538561   44.4395032   44.1628507   45.8909268   50.1502750   52.1315680   55.4426749   56.1693717   56.1362486   58.7536547
 104.2597508  105.4862942  105.3270182  102.4073803   98.1581135   93.1636278   87.4861911   83.3419588   78.0234525   73.3975711   69.3032046   65.9458294   61.1313317   56.2821891   52.8793501   49.4611519   46.5785394   44.0771325   42.9691956   40.0000000   39.0314529   38.3913310   37.2922020   36.3740501   35.9251520   35.7101387   35.6719906   35.9834204   37.6120330   37.7862565   38.7110887   39.2650141   40.8609791   42.5888024   43.9093985   45.6299503
 107.7954987  107.4049945  104.9739290  101.5805358   96.8070598   86.8807460   77.3078938   70.5310023   68.6410355   67.0627328   59.8983300   56.1247604   51.9966523   50.0287757   50.0370763   46.8648015   46.4299139   47.7443482   44.6789909   40.0000000   38.3793380   37.5681644   36.9728578   39.8380217   39.1700566   41.9234118   41.5860872   40.2228893   42.9260825   43.6094636   46.5977564   48.1000728   51.2738627   51.5618100   55.6632758   57.7853797
 101.1357134  101.4094924  100.1574229   98.1990516   95.9886382   93.1833731   90.3273751   86.8704601   83.2483080   79.8875694   75.2587282   70.8936046   66.4399407   62.2214298   58.5695910   54.3862141   50.7342083   46.8938388   43.4187377   40.0000000   38.0107373   35.6808339   34.4612184   33.3370486   32.4880594   31.8379113   31.3273380   30.9035669   30.5574958   31.0239154   30.9101447   31.7080067   31.7081705   32.5773873   33.2790858   34.0371125
 103.6514400  104.8498571  104.1277674  102.8762082   99.7644452   96.1053765   92.3458759   86.6969511   82.0917401   76.2865948   71.3569269   66.1001671   61.1510490   56.3803932   51.5821069   48.6922972   47.5867464   45.1592813   42.6701369   40.0000000   38.1745609   35.9689977   35.1425637   35.3105002   35.9819881   37.0116345   36.2588573   36.0969652   36.1129368   37.1813283   38.1053703   39.3714259   41.9857535   43.0902970   45.2642203   46.6405612
 103.3154708  104.1089369  102.3441538   99.8002262   96.6770080   92.5553760   88.7879331   84.0424161   79.9148694   74.6699233   70.7375905   67.0855208   61.5719871   61.2748802   57.3940004   52.6177594   49.1750706   44.9181777   42.7298255   40.0000000   37.4117768   36.7250009   37.3189812   35.7609566   35.1903490   35.1809536   34.9772997   35.4432568   35.0493620   35.2506536   35.3364242   36.6733430   36.3523691   37.9186250   39.0657171   39.9054583
 105.0993961  106.7545130  106.2336651  103.8554388   99.1113384   93.9635299   87.5518270   82.1519487   78.5076785   73.1837601   68.8007294   63.5484902   57.8806805   53.4006833   49.7987219   46.6530084   43.2597536   42.3741618   40.8197237   40.0000000   37.9213136   37.0461750   36.0121651   35.4245026   36.0476396   35.7770143   38.7521769   40.5484493   41.1682216   42.9694178   43.6753748   46.1385741   50.5694039   52.0657440   52.6356620   54.5315238
 103.5123211  103.4274216  102.1824477   97.8552206   93.7668652   88.9461071   86.1602074   80.6901051   74.6233967   71.4135847   67.6616087   63.8171129   59.0888317   55.8075318   52.3859139   49.3312322   44.9884942   42.5372950   42.1171057   40.0000000   37.7195319   34.2393111   34.0007662   33.3906771   33.4318717   33.7044256   34.8851752   36.3551507   36.7007291   37.4361853   37.8350047   38.0295854   40.6944943   42.4040671   44.3883571   46.5840053
 107.4423866  110.1365793  109.0193263  104.3906278   99.1225066   92.8044052   88.3410654   83.2729441   79.2397625   74.8246152   69.5561021   63.5026644   57.9877374   55.9162914   52.6364287   50.2742572   48.4067558   44.8171325   42.5007259   40.0000000   37.7364796   36.4527135   34.8535346   35.8249172   34.6649640   33.3618274   34.5736286   35.4151849   35.5316352   35.5610121   35.9021160   36.1041190   36.7302804   38.1985497   40.2282996   42.5659040
 106.2586209  108.3680029  105.8761081  102.8736509   98.7253136   92.1588908   88.4942154   82.0479727   75.1378935   70.0908988   65.5824865   59.8918988   57.3461195   53.9287484   51.4163646   51.1168417   46.2157525   44.6665682   42.1001167   40.0000000   39.9505495   38.7671576   38.2905918   37.9565976   37.8318098   40.2890405   40.9882880   41.2784809   42.2516225   41.6044253   41.9446327   44.9537197   48.0675461   50.5265570   53.5556208   57.1956532
 108.1408942  108.4709084  101.8219524   91.1230614   88.1127492   78.7525911   70.2901726   60.9232056   56.8275289   53.9453039   52.2229598   46.7254032   43.2082450   41.2971328   40.1599152   39.3096254   37.3622991   34.5482472   37.1667967   40.0000000   35.6489624   35.5793515   34.8911999   36.4069121   37.1497900   39.7025452   39.4829648   37.7440434   35.4753253   39.0087520   38.5301842   42.7849707   42.3297869   42.7957385   46.3278114   49.5659021
 104.0906661  105.2993897  102.1042661  100.5555312   96.1375208   89.5718459   87.0030621   83.3552692   79.9341757   73.9505531   68.7644470   64.8015325   61.0489807   58.3312717   56.3844455   51.6972929   48.3251204   45.6340826   43.3040383   40.0000000   39.2355633   39.2976834   39.0432041   37.7096235   37.8274017   38.3199702   39.7517564   41.3990430   41.1663651   45.8299703   46.2415041   46.2334836   47.3795805   47.7251701   47.9104413   51.3331462
 108.7305693  113.1107513  111.9466512  108.4572244  103.0382071   97.4065787   90.8646880   87.1460683   83.1189432   77.1615466   71.6807524   65.9561218   62.0520987   58.3816938   54.3732699   50.1124770   46.8793373   44.8854388   42.8443705   40.0000000   36.8448693   36.2032083   35.6773714   36.1467618   37.4709238   37.6665481   38.5853153   40.3809419   40.1423802   41.3021576   41.4061581   42.5270257   43.8950471   47.1646659   48.9462477   50.8560719
 107.2374914  108.9492936  107.8820698  103.8485807   98.4817629   91.8491824   88.7757004   83.3410051   77.7359667   73.9950485   69.5388295   64.9440287   62.4411509   58.6633438   54.6298805   52.0615822   49.5035586   46.6356677   42.5154969   40.0000000   37.6527251   38.1225619   38.0023546   36.8949668   38.1793107   37.3789474   37.6829622   37.5795422   36.7367623   35.3321626   35.4513109   35.2762472   36.0488490   37.1461137   38.8696052   39.1618308
 113.8461996  118.3843610  112.4994605  105.6017262  100.9659787   97.1547402   85.9266345   81.2315769   77.1594908   74.2718189   70.3038403   60.7667155   56.6018447   50.2763645   46.5227935   45.3629645   47.0909069   44.5370626   43.0064741   40.0000000   37.6459482   38.5009684   39.6373833   39.5052595   43.5664241   41.4923515   39.3208006   40.8148419   44.1743016   48.6937127   48.8814514   48.3169756   49.2308257   51.5458597   53.8923387   56.3368964
 108.1483329  109.9556397  105.0670617  102.1736914  100.4321776   94.5200247   86.1634557   81.9290297   79.4474535   76.2532886   71.8412131   65.8764626   61.1911105   59.4336762   55.0388932   52.0432003   48.2213222   47.8245500   44.0332702   40.0000000   40.0323860   39.8613692   39.7901689   41.5992856   43.0681984   44.0981888   42.2478425   46.5327243   44.2159410   46.5743726   45.9851107   47.1699776   50.4411079   53.0101309   52.1482241   55.4071056
 102.8203533  104.2508806  104.7244918  103.2278586  100.6554148   98.3356270   94.6532016   89.2922968   84.9880040   80.4239170   75.5950137   71.7142791   66.4617290   61.6011010   56.5388806   52.9673238   48.7978835   45.5271344   42.4132667   40.0000000   38.2151502   36.5800673   34.3721496   33.1705985   32.3627039   32.3909735   32.0142273   31.4754177   30.7221948   30.0764310   30.6943459   31.4534516   32.1619632   32.1534760   33.0911361   34.7901048
 101.0075291  101.1242093  100.6687424   99.4642319   97.6443916   95.3659894   92.6472584   89.4741586   85.4227887   81.2624605   77.3429071   73.2401490   68.8596494   64.2537294   59.6141630   54.8785733   50.5680789   46.6062605   43.4403705   40.0000000   37.1962038   35.1135544   33.3293639   32.3725370   31.5908448   30.8260123   30.4617837   30.2200107   30.2827617   30.1900814   30.4622246   31.0483225   31.8542952   32.7227545   34.0132712   34.9864199
 102.6156458  103.6497867  103.9088989  103.1570657  100.0596676   97.3429884   92.0473149   87.0854445   83.3909743   77.7493480   72.7033275   68.7433390   63.1813760   59.8183662   56.2284373   52.0320519   49.1147084   45.7949404   43.3789695   40.0000000   38.3972550   35.6398746   36.7264012   38.0213293   38.2638463   37.1023569   37.2906974   38.3877606   38.8936516   41.4011875   41.7186075   43.1163583   44.6396192   46.1572658   47.6760464   48.4380520
 104.8566984  105.9057133  104.7495936  100.8999802   96.2014992   91.8763262   86.9321050   81.2937179   77.0381525   71.3582067   66.9578482   63.6518028   59.8374179   57.1520704   53.4985195   49.5746444   47.0640307   44.6065086   42.3715927   40.0000000   37.8189216   37.5807782   37.2047407   38.3294191   37.3613984   36.6909747   36.2652782   36.5321068   36.5593152   37.4118978   38.8353850   39.0057810   40.4459663   41.8299652   43.0156329   45.2387375
 104.4761236  103.5749927  102.4732858   95.6946212   91.5639040   83.9254068   78.6154639   76.7118119   72.5848201   64.5585479   60.4830692   56.9690408   55.0018908   54.4762066   51.7859735   51.7854692   46.9965234   43.3788155   39.6418244   40.0000000   38.1730551   36.7105670   38.0637431   41.6650801   39.0603408   40.0163152   41.0637501   42.5153245   42.1643902   46.2385504   47.9754315   49.2517957   46.9210927   49.8630755   51.1959737   54.4098159
 107.5381817  111.2557609  108.3337059  104.1758606  101.9921528   97.2606075   89.2856035   82.0585673   77.1582636   73.4138349   67.9344732   64.7033809   61.8912077   57.6217076   55.3774207   52.3998392   48.1285257   44.0663417   42.7802670   40.0000000   35.5515456   34.5844754   33.7966003   34.3813958   34.5088505   34.9444891   34.9838831   34.6707239   34.9788520   36.3203690   37.5440003   39.6734840   39.0992834   39.2624265   41.6463049   41.8253201
 109.1243201  113.4049514  112.5570117  106.9605072  100.0396421   97.4217142   90.4252491   83.2045110   78.9276923   74.5652900   67.9795448   63.9960095   62.9500839   54.8497826   51.8884657   48.4966985   45.1068767   43.7561972   42.9905070   40.0000000   37.7435103   35.8445414   36.1093598   34.8731895   32.6986301   33.5443894   34.7701687   34.6331856   32.3616502   33.4391878   34.9146966   36.9704734   38.0373279   39.9604235   41.7716230   43.9335650
 106.5136631  106.6176078  105.2043750  101.2019639   94.3888722   89.6190287   85.3857092   80.4456016   74.2084266   72.6134067   63.9484756   58.6621740   55.2401345   49.8568267   47.2410867   45.0214517   44.0902296   42.0105961   40.9037862   40.0000000   36.7903714   35.6618523   36.2298195   37.0211842   38.4496476   40.1833884   39.0519237   40.2525762   41.0830470   42.6041984   42.3366565   43.3663406   42.2217569   44.9460058   45.2826516   49.2993597
 102.3414796  102.9799462  101.6274089   98.9759909   95.8947207   92.8548162   88.3363998   83.1452089   80.0236852   74.4614385   70.0417553   66.5569782   62.1574921   57.5276163   54.2513765   50.8275126   48.3976193   45.3567087   43.3718345   40.0000000   37.9711518   36.3687814   35.1894851   34.9058471   34.4125408   35.1796207   35.2829271   36.9103320   38.0125197   38.8053195   40.8382670   41.3649836   41.8040723   43.7674528   46.5154026   49.7926356
 102.5987372  103.2856449  102.6307394  101.0272858   97.6789888   94.3457804   90.8169178   86.6355837   82.4283549   78.5589211   73.9839367   69.7898634   66.2177192   61.5618675   57.4469612   53.2916038   49.4291206   45.9483665   42.7656398   40.0000000   38.7281828   37.7616409   37.3118381   36.9332468   36.6288726   36.5838668   37.0625173   37.3204684   37.9193692   38.5625589   39.6691700   40.4513177   41.8648380   43.4574688   44.7536487   46.2384889
 101.4393092  101.4883418  101.7050951  100.2826991   97.0290326   93.7057065   89.0507750   84.5295993   79.3802305   74.3878646   69.5133751   65.0985924   61.3942266   57.8515266   54.5190936   52.4206572   49.4234480   46.1361349   42.8540562   40.0000000   38.2824573   36.6335266   36.3230681   36.7205215   36.3734882   36.3482846   36.4839897   36.6152146   36.7075559   37.7625748   39.1494871   39.9833585   40.9108774   42.6072811   44.0893495   47.0056822
 103.7323730  105.6558730  105.9133327  103.6890995  100.7223641   95.9349676   91.1676326   86.5963775   81.5481697   76.5075842   71.5738106   66.7057082   62.9999999   58.6890504   55.4938478   52.1298094   48.9214823   45.4243488   41.8610799   40.0000000   37.4645180   35.2785718   33.7858315   32.9361266   31.6102421   31.4751003   32.1937438   32.9909713   33.0842340   33.4968824   34.0132620   34.8385525   36.0415717   37.5375750   39.1036102   40.7722655
 106.1627935  107.3244772  106.6707166  102.2864929   97.2091585   91.2645663   84.7806353   78.3857622   71.8674177   66.7680295   63.7739932   61.0067952   56.9025085   53.4276492   49.8055859   48.9351909   47.2289991   44.8656170   42.7368833   40.0000000   37.4604254   35.8580786   34.0348682   34.1870296   32.8740370   34.2620787   36.7746089   37.6731271   38.7383826   38.7272949   38.8112938   38.6965739   40.1806448   42.0983503   43.3386794   45.0492082
 103.4602828  104.0761510  102.1862435   99.6734056   95.6917191   91.2507193   87.1851182   82.1440231   77.1590358   71.7186938   66.7886169   65.0123311   61.4802006   57.2635235   54.7408844   51.8974382   48.9434648   45.4500212   42.4005408   40.0000000   39.3840967   39.3121362   38.0630085   38.6783028   39.4959029   41.1004171   41.1173113   41.0135272   42.1819263   45.8586189   47.4882051   47.7781013   50.0889517   52.0652967   53.0195152   54.3412045
 102.6932212  104.1576008  103.1710128  101.2566379   99.2932594   96.2283418   92.2787735   88.0467493   85.5147964   80.9710499   76.3859828   72.0232383   67.2656022   62.7408600   59.1429609   54.4586323   51.3548540   47.7474504   43.6022988   40.0000000   36.7419320   34.0608636   32.1595772   30.5291137   29.4047407   28.0429518   27.1515902   26.3614188   25.4454350   24.7285946   24.5675868   24.3584073   24.0309670   24.2170842   24.4976113   24.3971822
 106.2537786  108.5843524  104.9663505  103.3244398   98.6164358   95.6142881   90.6356600   83.6819358   79.3320910   73.8648711   69.3506454   65.2334092   60.2966536   57.0859708   54.4374620   48.5412845   46.6175117   42.8044743   41.0794753   40.0000000   37.7802692   37.1769953   35.6304367   35.4529557   34.2201270   32.8568531   31.3535560   31.5785950   31.5346976   33.5621126   32.9765065   35.3329483   36.3742709   38.2713580   39.5174182   41.5312553
 104.8300506  107.1795569  106.3021499  104.3435542  100.7066308   96.3883181   91.5915653   86.3216395   81.6544978   75.3835972   69.9984210   65.3272219   61.5694610   57.4789633   54.6413543   50.8886139   47.1246918   44.8025390   43.0172572   40.0000000   38.6455004   38.1667287   36.6093016   36.6922427   36.5646895   36.3914529   37.4865077   38.5870255   40.1714933   41.1895559   41.9275843   43.5354103   44.7009576   46.2539678   48.7432785   50.7317361
 107.2876903  110.1849632  109.7772121  103.5309967   97.7319982   95.1726698   88.1939902   81.7350184   76.3567899   73.6397259   68.4718152   64.8158920   60.0415110   55.2660073   50.6547543   48.5813908   45.5446174   43.5892944   40.9525727   40.0000000   37.7600675   37.8495919   36.2407724   36.0111045   36.8867666   38.4237496   39.6969080   37.5857059   39.1489566   39.9631539   41.6917056   42.6679100   43.8266543   46.0086837   46.5824296   49.7267408
 102.6589739  102.8649609  102.9397287  100.2578880   97.4590766   93.2885885   89.8214023   87.1797119   81.8404614   77.3827014   72.7640910   69.1804582   64.1974549   59.4648583   55.0640404   51.3026616   48.5975660   46.0034439   43.6161855   40.0000000   37.2291585   35.9608833   35.3282642   35.1194395   34.1943085   35.1618015   36.2757746   36.1604788   37.0053938   37.1769051   38.0135900   39.0653752   39.7888519   42.3609033   43.9854539   45.9767915
 104.3351858  105.3734667  103.6665446  100.2341863   95.7939154   91.0565266   86.5229375   81.4160217   75.9639980   71.1005252   65.8727388   60.9478864   57.2844016   55.6842253   53.5324590   52.0127330   49.6322051   46.3949081   42.7651308   40.0000000   38.3127681   38.3947998   37.6795004   38.0407850   38.8352032   38.9782885   38.5331120   39.9254670   40.4198594   42.2254488   44.0037269   45.9976560   48.1077782   51.5972096   53.2788578   55.0518605
 100.8935207  101.0149721  100.1443900   98.7113964   96.2169461   93.4354302   90.1924752   86.6518566   82.9058981   78.8773108   74.8431335   70.9783609   66.7437023   62.5873696   58.8671585   54.8171531   50.9942207   47.1517747   43.4445152   40.0000000   37.1591236   34.6292460   32.7275215   31.3478428   30.5499458   29.4631174   28.9741894   28.5735490   28.7246402   29.0696835   29.2963080   29.4793158   30.0669904   30.9448997   31.9645896   33.0695988
 102.8960227  103.8257617  104.2733759  102.9295739  100.0560623   96.4997006   92.4673732   88.0160957   82.9086719   78.3554480   74.6036232   70.1391205   65.9200960   60.9218375   57.0534294   52.9819581   49.3194187   46.1769347   43.4046249   40.0000000   37.3195667   35.2723909   34.1862859   33.1153271   32.7938555   32.7323707   33.5714698   34.0114131   35.3496700   35.9728824   36.3856010   37.4390183   38.9384339   40.6185714   42.1400918   43.9075593
 101.0258704  101.0541641  100.7137274   98.8349905   95.9103410   92.9719291   89.8887479   85.6537571   82.0787024   77.5870028   73.2267014   68.5971914   64.1268522   59.8653338   55.5283075   52.0258640   49.8192615   46.2848401   43.7100996   40.0000000   37.0936676   35.5462083   34.5678147   33.5947265   32.8635739   32.3149528   31.7330135   32.0181584   32.1441043   33.0045437   33.5976588   34.2923408   34.9295178   35.9458863   37.1929349   38.0399378
 102.3090730  103.2314073  103.1457866  100.7911397   97.3772669   94.2468325   90.3052670   85.0379041   81.4279413   76.1472534   71.4349884   67.6850314   63.1432858   59.2891397   55.5063042   51.7418263   49.1055101   45.5449911   42.5653211   40.0000000   37.6621362   35.2760574   33.5796282   32.9747233   32.3464857   32.0059083   32.1235148   32.4607643   32.9248038   33.6297346   34.3272045   35.3594290   36.9915859   38.8293174   40.8929084   42.3914137
# Recruitment data
  12.5771262   12.6940243   11.8358810   13.8853963   12.8730709    9.9995467   10.8988484   12.2950422   11.1020191   10.6928597    8.6031156    8.9780674   11.1602338    9.4879543    8.1485231    7.0737895    8.6716522    6.2326586    7.7392044    7.5135869    6.6839956    5.3460920    4.9525837    7.0356034    7.0884198    5.7124855    6.1541056    6.5107059    5.4287590    5.2033229    5.3220682    5.6827976    4.8762256    5.5003700    5.5611739    6.0353821
   2.9931278    3.3988478    3.1849244    3.2478380    3.4864976    3.5331826    2.9806368    3.2948621    3.1099969    3.3145222    3.0027350    2.3055482    2.3696667    2.6963252    2.8181878    2.0795327    2.3112118    2.0681708    2.1453672    2.0494252    1.7297271    1.4064999    1.6213668    1.4841879    1.3915458    1.2602166    1.5455463    1.4806355    1.5981857    1.5194620    1.2532561    1.5039990    1.4013647    1.7394346    1.1899706    1.5655188
   8.0055137    9.1212347    9.4162990    8.2963266    8.1878925    7.8538185   10.5066074   10.1080144    8.2096474    9.1011069    7.8446449    9.0968284    8.1199382    9.6256320    9.1075427    8.7980659    8.6411754    6.6365275    7.1068035    6.4626429    6.9370855    8.1905390    7.2453723    7.0579809    6.7402245    7.4580055    6.9856203    7.5480247    5.8183126    7.2066828    6.8674816    6.5972578    7.2042990    7.7869520    7.8459851    6.7875330
   2.7012660    2.8045635    2.6372151    2.5115159    2.9837270    2.3665224    2.3698965    2.8496415    2.6215465    2.0764233    2.2309333    2.0111382    2.2489388    2.3287575    1.9952127    2.4236444    2.3557824    1.7470904    1.5803755    1.7079428    1.7873724    1.7410748    1.7946636    1.6414859    1.3565468    1.6826868    1.4257640    1.5566736    1.4538573    1.5751835    1.3597839    1.4551624    1.7223440    1.4543024    1.3897110    1.5032629
  10.3053768   14.0610414   15.4544775    9.7276475   14.2161639   13.3581086   11.7488242   11.1352147   11.8330921    9.4151617   10.2510555   12.2721292   14.1822178    8.6639478   13.7267197    9.1535435    9.5318022   10.1564231   10.8027285    9.8548012   10.5720151    9.1100400    9.2865929    9.4095411    9.9982216   10.9067973    9.8161338    7.7727638    7.1649126    9.7743120   11.7610562    9.2040681   10.1368338    8.9378775   10.6277537   11.3735591
  15.4418679   11.8954829   11.0437591   13.3348501   12.8492665   13.0033541   14.1017111   11.7844195   13.5959331   10.5690058   13.1640877   11.8080364   11.4056598   11.9295676   12.3543776   12.4045594    9.4613607   10.7950627    9.1907884    8.4980996   10.1569046   10.5432016   11.2292459   12.0980383   10.0281421   11.0770077    8.9845553    9.4007093   11.1789064   11.0430512   11.6868313   11.7950753    9.7430398   11.9122875   11.3267931   10.9996100
   4.0881026    3.7926337    3.4396913    3.1850011    3.6396252    3.1483410    4.3888860    4.0725710    3.9533483    3.4880793    3.3366518    3.5718313    3.8620852    3.2308755    3.3307621    3.3583391    4.0415868    3.6434840    3.9017543    3.9907967    2.8594044    3.4532079    3.1388673    3.1997506    3.1583351    3.0621256    3.5671592    2.9490136    3.3168026    3.4090627    3.1790290    3.1682332    3.4242147    3.5473871    3.1789567    3.5397705
  18.1288554   19.8520355   17.0303610   17.1041630   16.1662503   16.1181853   18.3848634   18.4827328   15.6294023   17.8308821   15.6801012   16.4772292   14.3720130   18.0021075   13.4768650   17.6076877   16.7027855   14.1747426   11.4432634   16.4630212   14.4334586   14.4457123   17.2915365   17.4568279   16.8152759   14.8627204   16.1507223   13.7407206   15.2207349   17.2730640   14.6721896   16.6804922   15.9371963   15.4726029   15.2754659   14.2351609
   6.6292588    7.2340437    6.0033565    6.5664175    7.0163234    8.0068076    6.0917209    6.6387466    6.0027848    5.8589363    6.0239604    6.4950051    5.7556576    5.1632942    5.1522135    5.4495472    5.9172168    5.5129815    5.0445187    4.2374927    6.0837149    5.0229875    4.3079473    4.4581153    4.4326048    4.3846964    4.4540140    4.3144334    4.4393717    4.8238332    4.5854796    4.2662199    4.3226266    4.3968319    4.2820977    4.4339930
  10.7309119   10.4341314   10.8500810    9.9595751   10.0622964   10.4028469   11.9779169   10.1707352    8.9549694   10.1234672    9.2669766   10.1084643    9.3613572    8.4059818    7.1478687    8.3471699    7.6942192    8.1935058    9.5169949    8.2826934    7.8350220    6.4459526    7.6991804    8.5504060    7.8345698    7.7891130    7.6541214    7.1665241    8.0292908    6.8399719    8.2077353    7.4455313    8.7476042    8.7706567    9.5724786    7.9214467
  12.6566649   13.9377655   12.8348543   11.6817430   12.1381516   12.0656775   11.7763036   13.1690238   13.3313913   12.6322917   12.9303775   12.2877567   13.6732196   11.5351948   12.5434974   11.3316250   11.1219025   11.0453856   10.1720156   13.8059535   13.9833729   13.0476268   11.4434487   10.8161413   12.4370664   14.7431057   12.5935591   14.0061099   11.4452492   10.5701080   12.8566316   11.4102128   12.4665529   12.3117482   12.2025048   12.3403419
   5.8603008    5.5512839    7.2216370    5.7315077    6.4011892    6.6469141    7.0764351    5.3196515    5.1957572    6.3176066    5.8013233    5.9986366    6.0443901    7.1566516    5.0611613    6.6798873    6.2217209    5.2799277    5.1218415    5.2304159    5.1074005    4.9868488    5.0806165    6.1540470    4.3949252    5.1792468    4.6019934    5.5418249    5.3917109    4.8198399    5.1668081    4.9235739    5.4279672    5.1644536    4.8404561    5.4311184
  19.2668922   18.3573757   19.4707096   23.1970660   23.8261443   18.6437291   20.2465955   19.1866493   20.3795401   22.1872949   19.6664656   21.6088613   23.7456429   20.5930758   18.0514647   18.7400227   18.2565799   17.6141655   20.3369590   17.6357365   20.2805133   17.8590679   16.1653880   19.1412906   17.5998100   19.5756923   18.5363708   20.0679182   17.5157513   20.6818405   19.1132286   21.8128330   19.1161233   17.8275225   19.7615991   17.9505018
   3.1244467    3.5229985    3.2760704    3.3902732    3.8494684    2.7119828    3.0340158    2.9242055    3.0729190    3.5046494    2.8199124    3.1481617    2.7434572    2.8558926    2.6512850    3.5711417    2.6542342    3.2506589    2.9461020    2.8782980    2.7835903    2.6671605    2.5262739    2.3973890    3.0195476    2.2705555    3.0273746    2.0785286    2.8143219    2.5001723    2.4212129    2.8747238    2.8454675    2.3573015    3.3515622    2.6542804
   6.1836430    6.6116695    4.9680546    6.4137943    5.0279534    5.8958790    5.2075103    5.2301969    5.0138017    4.5672831    6.0506137    7.2485401    5.5171012    5.4470203    5.1448491    5.4595644    4.2862995    5.1251775    5.5353351    5.5872525    5.6472809    3.6572674    4.3000623    4.2394547    5.0511541    4.5594215    4.7384367    5.8943666    4.0212796    5.2133097    4.1523689    4.4685125    4.5259559    4.9224862    4.8673124    5.3475146
   8.5639141    9.2918691    8.5222120    9.1607164    7.9826870    9.0552351    9.1135236    7.0276356   11.7600170    8.2548460    7.0697890    7.8863461    6.6526756    8.1340469    7.2937312    6.7455815    7.7540332    8.5220720    6.1272437    6.6165300    6.8107801    6.3421982    6.7349709    5.6808485    6.0064876    5.6699061    6.6965890    4.9126333    6.5763529    6.0242501    5.5810804    6.7590360    6.5455823    5.3788178    7.3962420    7.5695946
   9.1855507    8.2874251    9.3424547   10.8965019    9.0200333    9.7161941    8.5289365    7.6815392    8.2674290    8.5456827    8.4975998    7.8262456    9.8780547    9.1123452    9.7617065    8.1507544    8.5345602    7.7846185    7.6913181    8.4520835    7.2919247   10.2328343    9.0601799    7.9002702    8.9778706    7.7832581    9.3908483   11.2286801    8.2737755    7.3474979    8.5250664    8.0849616    8.4055398    7.1477808    8.2075632    8.7373388
  12.8040938   15.1314876   12.8678050   12.0997334   14.4798657   13.8828879   13.5653866   12.3553976   13.1743028   12.6645736   12.5673929   10.8501709   11.8789246   13.5166708   12.0289350   11.1377052    8.8175368   10.6394839    9.8245149    9.9621788    9.8701421   10.5212620   10.7734917    9.6670291    9.8040529    9.2781097    8.7999018   10.9425039   10.0830495   10.2672527   10.3940062   10.2272507   11.3986179   11.1713078   11.8316838   11.2895293
   9.8978839   11.8541676   10.9796715   11.8140236   11.1521328   10.0576255    8.9175404    8.8758869   11.5701779    9.8453249   10.4455030   10.6638028    8.7731938    9.6822488    9.1325943    8.6021155    8.5798657    7.5244553    9.4435339    6.9588950    6.4613014    8.5104307    7.8225433    6.9479750    6.6949943    6.7777398    6.3893258    6.5799528    7.1772129    7.5118196    7.6562544    7.3364925    7.0232698    7.1395064    8.3476941    6.9435787
   9.7935643   12.8355032   10.1697468    9.4451271   10.7610532   10.8242840    9.2002169   11.6629911   10.5382529   11.0803055   13.0617719    8.6858726   11.3233841   10.1707712   10.2846724   11.6615345   10.0399031   10.0963627    9.7633452    9.5530661   11.7719780   10.1377860    9.5810009   10.0155920    8.2240536    8.8021020   11.1554506   11.2725716   10.6800713   11.2350806   11.8327300    8.9777475   10.4675185   10.4913525    9.9680619   11.3413385
  20.8270564   20.5602618   18.2163210   21.1883749   21.8841733   22.8673899   19.3157003   19.5781397   20.2299906   20.7435445   21.1043383   20.1838454   18.8135683   23.1470113   25.4528933   19.9849113   21.1517503   19.9957941   21.3021786   20.8473295   22.5020048   20.4708528   18.2014647   16.1673898   20.2522338   17.1850166   20.9962754   17.2979524   17.2087943   19.5890718   19.6272233   18.2288433   18.0921591   20.0428221   20.6224189   18.1265609
   9.7914985   13.7842013   13.0273561   13.3326661   10.7889443   11.0686837   11.7707364   11.5969326   12.2323617   12.7742008    9.9538529   10.5280777   10.6889396   10.6508738    9.3390816   10.9056302   11.1349491   10.4784928    9.0112034    9.8392805    9.9278107   10.6701732   10.8832287    9.0351375   13.5932826    9.8659671    9.2203270   10.0490382    9.0778345    8.6158687   11.5148290    9.0496788    9.5469492   10.0095622   10.3972912    9.2375356
   9.1498905    8.3680819   11.1277861   10.2962915    8.2181550    8.6216528    7.9304495    9.2328045    8.8381339    8.0758342    7.4360925    7.9891323    8.7066531    8.2932797    7.2797179    6.3305009    7.8745956    7.2309311    7.7789518    8.3061133    6.9996014    7.6557260    8.3519413    6.1798378    7.5988170    6.2752987    7.1919578    7.1626291    8.8726524    7.0841295    7.3136301    7.7634313    8.2879021    8.3187661    7.5785600    7.2730784
   9.2011739   12.7698188    9.7988288    9.5758123   11.0855853    9.8182556    9.3477693   11.0153648    9.2599906    8.7486464    9.7988789    9.3537826    8.7349125    7.1647293    8.2855839    7.5558447    9.4271685    8.2379042    6.9721485    9.0625251    6.6513471    7.6329022    6.9305566    5.9842400    5.1949774    6.4083776    5.6700843    6.3684839    6.4027368    6.8468428    5.2581328    6.6615127    6.5064120    5.6372357    7.2032099    6.8664780
  24.2018061   17.2106740   21.9793514   22.1834404   23.0503238   21.9402783   15.9286502   18.8007263   15.7222498   16.4989547   18.1151140   21.0024074   17.9344837   18.4234502   16.7587165   16.0318505   17.7369084   17.9228279   16.6879695   20.3977608   15.3687686   14.0532815   16.4475289   18.3237762   20.1070497   16.7149465   15.4990469   16.2301747   17.2627240   17.2660365   17.2991516   16.4907585   19.0758314   15.9945607   19.0820646   21.7276823
  18.5424214   16.0288259   19.1948133   20.6994055   20.1022538   18.7720439   16.6833302   16.8424500   18.8832982   16.2017432   16.6733683   15.2900778   17.8073093   14.6740543   13.4351587   15.9035293   15.2694928   14.9109246   16.3843604   16.2783109   15.9446300   13.0025982   18.1640885   12.4074606   16.0045911   13.2535757   14.4255456   16.3428748   15.9553864   12.6353088   16.0680031   15.0411319   13.8415584   18.6883293   16.7242615   14.1171305
   5.9502045    5.1141687    3.9015903    5.3064755    5.1113446    4.8399633    5.7056006    4.1619289    4.3826123    3.8983386    5.0445004    4.0745192    4.6221565    4.4300096    4.8093489    4.8766482    4.3503656    3.2404580    3.7728772    3.7412255    4.2217297    3.5205504    3.1276302    2.7000023    2.6015253    3.6525177    3.5466252    3.3059103    2.4377006    3.2870370    3.8609756    3.3576088    3.2277460    3.2383285    3.3944856    2.9307807
   2.9014110    2.9299198    2.8627631    2.3033416    2.5006153    2.9023865    2.7447520    2.4612516    2.2017134    2.0873758    1.8444749    2.0751926    2.1495333    2.6434705    2.0375069    2.1791824    2.2564879    2.0172088    2.4175306    2.1964121    1.9082887    2.0727834    1.9620671    2.0710894    1.7231894    1.9542659    2.1017634    2.1458754    2.0405142    2.3205160    1.8192558    2.0855153    1.7799909    1.8886578    1.8312189    2.2132079
  10.0035540    8.0237823    8.5299840    9.8679087    8.0502000    8.3975429    9.2127674    7.4272721    9.0919613    8.6394973    7.7154642    8.5010169    7.8071757    8.2929506    7.0671048    8.0200079    6.1831157    9.1380741    9.2839915    8.2116219    6.5809871    7.4475348    8.1200102    7.4430956    9.2532600    7.1671231    8.0076971    8.0307498    7.9188369    7.7908270    6.8820737    7.9714390    6.8115329    8.9531224    6.5798728    8.5911119
   9.8148348    9.4144721    8.7880424   10.0619482    8.3636673    9.3548507   10.0336581    9.1887455   10.0249802    8.8021147    8.2414521    9.2329482    8.9331100    8.8682573    8.4746510    7.9849479    8.9993948    8.2891986    9.3629690    7.0412846    7.0250187    6.8853042    7.2038104    6.6472907    7.1982604    7.5225400    6.0877816    7.2148327    6.9306510    6.5627822    7.4410687    7.0315888    6.0262301    8.1796331    9.3701855    8.1922129
  15.9654755   17.6586403   20.7063737   18.8835587   14.6680417   16.9677238   16.9019219   17.9125073   19.2712676   17.5021158   19.7832712   15.5382348   15.3766108   14.2640545   17.2292005   15.1474443   14.3626898   16.2099714   18.6013392   13.3625822   15.5706418   15.5910956   15.9370820   14.1855107   18.0517033   16.5111216   16.0786449   12.3185853   16.4152682   15.0214828   16.6639747   16.2987476   14.3798539   17.1237935   14.6695782   20.5257416
  13.1655917   10.3380639   10.8237169   12.6350838   13.4094376   11.4235274   13.0988612   13.2397841   11.5818173   13.0853911   12.1790320   10.5431458   10.0405567   12.0473672   10.4360391    7.8833967    9.7427297    9.2288154   10.0334695    9.3640144    9.3926111    8.7860767    8.1473124    8.4108368    9.1888978    8.9874867    9.7951150    7.1093934    7.4986071    9.4136345    7.1301407    9.1340228    8.3729543    9.3854584    7.8972987   11.3094827
  20.4073882   16.7703713   16.0761987   18.2271697   17.8921609   15.2788293   16.7384381   19.1399377   12.3759934   15.5269514   14.6107497   13.9255886   15.2079896   15.7099427   13.6022605   13.1818545   12.3145366   13.4276797   11.6643213    9.9599664   11.9256165   12.2426631   10.9245732    8.4095797   10.7633281   11.1181272   11.7447823   10.9220153   11.6643306   11.6072524   11.9457978   12.0811257   10.0587704   14.6358991   12.1322972   13.3899194
  18.2118999   18.9772256   18.3989432   16.8971548   20.8147366   14.1090899   15.7729193   16.6380147   14.1549350   15.6762888   15.6444838   16.6128002   15.5910512   16.2341750   16.4392337   13.7172740   14.0634733   14.8806085   14.8920496   15.4036668   15.7911313   13.0818118   14.6111931   14.1432562   14.6080772   12.7615899   13.4880065   11.0490206   14.1101683   11.7751568   14.9768258   12.6457856   14.3521494   11.5497588   14.3797833   13.9286060
   8.1620039    7.2431124    6.8910096    9.0663830    6.7733834    7.7608098    8.5334520    7.4958620    6.9818612    7.9433126    7.5296021    8.2037839    7.4002947    8.1406675    6.5947840    7.1558246    6.7741494    6.5324643    6.8837937    6.3072956    7.1975101    6.3558921    7.6273611    7.0366751    6.6019689    7.6742961    6.1044748    5.8112293    7.1029228    7.7414100    8.1580789    7.1458113    6.1689621    6.2979276    6.8635913    6.4768714
   4.3680721    4.4954276    4.0309442    4.2344786    4.6024541    3.7654784    4.1976482    4.6247149    3.2389216    3.7962728    3.4593193    3.4902381    3.5416358    3.4847701    3.5710308    4.4632559    3.9190483    3.9569722    3.6413062    3.4625243    3.5122732    3.8099156    3.3199332    3.5532093    3.4063426    3.7312390    3.1854482    3.7710105    3.7047616    3.2312686    3.3883029    3.8142962    3.3964806    3.8085979    3.6024773    3.2149563
   5.7893369    4.9479568    5.3987526    4.9236847    5.0907012    5.1039096    5.3743726    5.8515868    5.7837941    5.7599896    6.7583550    5.7205879    5.2235424    4.9593534    5.0750527    5.6296518    5.0417798    5.8178827    6.1500546    5.1478344    5.1920185    5.1127149    4.8919740    4.6463196    5.4053607    5.5788049    4.8925899    4.8441032    5.4642605    5.1047309    6.3946087    5.5631583    5.9655448    4.8295966    5.3057633    4.8927834
   4.0160656    4.7726031    5.2065046    4.7306588    4.7440380    4.7250573    4.5774612    5.4815822    4.4639002    5.3720275    4.8342911    4.7574075    4.2228286    3.9276333    5.3405636    3.9493072    3.6464371    3.7773835    3.9025613    2.9832201    3.9028531    4.3590557    4.0994824    3.2085383    3.4928398    3.4435248    3.6004526    3.7956861    3.8895678    3.7741058    3.7375664    4.0026619    3.8434113    4.0306337    4.3095699    4.3959775
   8.4570891    8.0536398    7.9855567    7.4362498    8.3351404    9.7052474    9.2766127    7.6889387    8.2113683    7.6856992   10.0760223    8.8493120    8.2161314    8.3856457    7.5809392    7.1237967    7.0988984    6.1019694    7.4765801    5.4420316    7.8756552    8.5327054    6.7786377    7.1040911    5.9582717    6.0305177    5.6154608    6.9928748    6.9891922    6.0844687    6.5426748    7.2995864    7.2033076    7.5180623    7.0686610    7.8355897
   7.5439917    8.2448750    7.3467462    7.4078996    6.7871474    7.0298030    9.7977811    7.6857902    6.8463115    8.2848918    7.6789579    7.3394102    6.5465650    6.6545029    6.9240177    8.0371890    7.8838561    6.2627679    7.7206268    7.6053300    8.1889667    6.4767615    6.2439830    7.3207900    9.6060669    7.3988109    6.0939620    8.0927236    7.5421692    6.3938907    6.6813092    7.4891221    7.2459220    7.7678527    6.6944757    7.4569799
   6.2312974    5.8102587    5.8292998    7.7001631    5.8840040    5.8409732    5.9705553    5.4272718    5.4101497    6.0445819    4.7151220    5.8916028    5.1243960    4.2379671    4.3211733    3.9899673    3.7560298    3.8612359    3.6043996    3.6570407    3.0562324    3.1665290    2.9757637    2.5867428    2.5277924    2.8545429    2.6301247    2.3434135    2.6891754    2.6494312    2.1444709    2.7164126    2.6167263    3.0120625    2.0020314    2.7097785
  16.0838017   14.6655192   12.7527710   14.8586048   13.5133737   13.9191283   13.8451699   12.5620498   13.5574248   13.7165593   10.1747113   12.9395995   10.8121906   12.1122690   12.5222006   10.9563380   11.5074314   10.0101976   10.6002059    9.1542766    8.3810199    7.5801433    8.6320724    8.0979651    9.8609688    7.3709450    9.9194515    8.7415139    9.4920897    8.8508174    9.5029385   10.0433032    9.3128394    9.8184590    9.5756798    9.1527056
   6.0612312    6.0532412    5.8042607    6.4729894    4.6851055    5.5484907    5.8682436    6.3359937    5.5735079    6.5474017    5.2612607    5.0560083    6.1929257    6.3414535    4.8753739    6.0733081    6.1601715    4.5448450    5.8666150    5.2123831    4.9113930    5.9567668    5.6570433    5.9892248    5.2691041    4.9561472    5.7617722    5.0898347    5.3939046    6.1524125    5.3660068    4.7314126    5.2806067    6.2712921    5.8143033    6.6409277
  15.4667975   11.6189831   11.8824807   12.5387247   14.7960920   12.3589339   13.3565543   11.9336011   11.3076736   10.7391370   12.4854166   11.3139725   11.9187026   11.0137931   12.2503888   10.5939450   11.8775218    9.8280908   10.4280101   11.1297890   11.6788912   11.4635234    8.0541796   10.9370070   10.1584555   10.8929396   10.1193016   10.1256135   10.9774979    9.3342201   11.6053483    9.9133010   11.8230872   10.0344870   11.4714375   12.7090527
   6.2042484    7.3795372    8.4124015    5.8354972    6.8683893    6.6158772    7.4878430    5.8769944    5.8923833    5.8698856    6.1023932    6.7548598    6.5408274    6.4883522    5.0309723    5.2203577    5.8698950    5.8782516    5.8482082    4.7928299    6.3730946    6.2744210    4.8986667    5.7247696    4.8780564    5.3941777    5.4288003    4.9391396    6.6492557    5.4886438    5.7720034    4.4728449    5.1690766    5.6949946    4.8245539    5.5976996
   8.0870573    8.5619313    8.0352135    7.6343700    8.0229871    7.3340202    7.2637074    8.0714523    9.6984129    8.9073317    9.4495164    8.5599759    7.6314116    6.9968465    7.4461981    7.7461992    8.6498332    7.3429058    8.0054507    8.1278610    7.2662219    6.4741200    8.0511296    6.9198500    8.0678340    7.8708981    7.9829458    8.0032787    9.2876664    7.3425225    7.4377649    6.4012128    7.3244135    8.2161481    7.7841165    9.2298108
   1.9583062    1.9675314    2.0534585    2.1343698    2.0498346    2.1832615    2.4054621    2.0102424    2.0681389    2.4189529    1.9301511    2.0248418    1.8221898    1.7613482    1.7999418    1.9182871    1.5964365    1.7206518    1.8010336    2.0012614    1.3716568    1.7422666    1.5795976    1.9283194    1.8966488    1.5852600    1.4066210    1.6992112    1.8281553    1.7950606    1.7174964    1.5621979    1.4600475    1.5627714    1.9759221    1.3829748
   4.5581602    4.6542309    4.5743604    4.1152801    4.8147744    5.4301942    4.4067264    4.6146040    3.6361454    4.6713928    4.0304553    4.1643629    4.3375756    4.3491095    3.4079791    3.6475118    3.4923776    3.8282258    3.2790265    3.6786768    3.5520510    4.1755982    3.4404240    4.2508082    3.2629900    3.0666383    3.6757906    3.8858115    3.8258154    3.4916548    3.6612284    3.9072568    3.2807611    3.1837686    2.9025543    3.9743356
   4.8282210    5.1646303    4.3954848    5.2969881    4.5624857    4.7461806    4.4553456    4.4996537    4.5363673    4.2470715    4.8067400    5.8669317    4.4246016    5.1001118    3.7663968    3.9308956    4.5472016    4.5962546    4.1925603    4.0610320    3.9211787    3.6034376    4.1994125    3.8518947    4.3950509    3.9909217    3.9409472    3.7358754    3.9615387    4.0491970    3.5075516    3.8187210    4.9128510    3.8328427    4.3564702    4.6078590
   4.8913477    4.5167536    3.5371908    5.4622361    3.7450898    4.3509483    5.1740049    4.1581851    4.6682300    4.4875413    4.2540978    5.1182296    3.9218363    4.2672392    4.4083327    4.0918958    3.3543200    3.4756350    4.0723345    3.6316964    3.6010420    3.7867583    3.7655114    3.6905256    3.7585765    3.5891672    3.7846563    4.2319530    4.2612986    4.3338356    3.6207311    3.5697876    3.6940962    3.3316395    3.7945427    3.7724631
# Phi
  8.12686659  30.93074680  10.92285781  39.44770794   8.30574206   7.78699383  25.60533476   5.70267260  15.15233597   9.99142398   7.56869334  15.53644809   4.73871122  30.84010030  17.78033986  11.12878306  11.03850277   7.78821074   9.51402767   9.03219809   4.62261866   8.02118724  11.09699915   9.14058166   5.06810414   5.45788982  20.88607689  38.97180530  11.30293963  10.96234505   5.20879578   8.20211482   5.84172344   6.08118297  13.79479999  23.76224365  17.02674037  20.50099597  11.03698160  12.55129235  15.63837883   7.15520032  16.54234032   7.83641932  15.17730850  12.11538058  51.05913501  22.65229357  21.02755369  21.89952022
