# Range of years
1917 1992   
#   1917    1918    1919    1920    1921    1922    1923    1924    1925    1926    1927    1928    1929    1930    1931    1932    1933    1934    1935    1936    1937    1938    1939    1940    1941    1942    1943    1944    1945    1946     1947    1948    1949    1950    1951    1952    1953    1954    1955    1956    1957    1958    1959    1960    1961    1962    1963    1964    1965    1966    1967    1968    1969    1970    1971    1972    1973    1974    1975    1976    1977    1978    1979   1980
#   1981    1982    1983    1984    1985    1986    1987    1988    1989    1990    1991    1992
# Catches
       1     1.1     1.9       0     1.3       1     2.5     1.5     1.9     1.4     0.8     2.6     3.8     4.4     2.8    14.3    11.1    13.8      15    17.7    20.2    21.1      20    28.6    30.6    34.5    37.9    34.1    29.2    40.4    41.4    58.8    57.4      72    89.5    88.8    93.5   105.4   115.4   118.2   126.4   130.7     146   159.9   148.7   147.6   169.5   162.3     203     195   176.7   143.6   165.1   142.5     202 243.933 157.782     123  89.617 143.894 102.328  101.14  92.704 101.538
 100.678   85.97  73.677   88.41   99.59 109.091  104.01  90.131  84.896  78.918  85.521   87.18
# Cpue 
       0       0       0       0       0       0       0       0       0       0       0       0       0       0       0       0       0       0       0       0       0       0       0       0       0       0       0       0       0       0       0       0       0       0       0       0       0       0   17.31   15.64   16.47   16.26   16.26   17.31   12.09   14.18   13.97    14.6   10.84   10.63   10.01   10.01    8.62    7.23    7.09     4.9    4.97    4.65    4.66    5.35    4.84     5.9    6.13    5.48
    5.81    5.87    6.49    6.67    7.29    6.93    6.35    6.88    7.16    7.29    7.26    7.78





