# Number of years
25
# Number of years
5
# Length-at-size
25 45 65 85 105
# Weight-at-size
15.625 91.125 274.625 614.125 1157.625
# Size-transition matrix
0.05 0.9 0.05 0 0
0 0.1 0.9 0 0
0 0 0.15 0.85 0
0 0 0 0.2 0.8
0 0 0 0 1
# lengths at 50% and 95% fishery selectivity
40 70
# lengths at 50% and 95% survey selectivity
20 60
# Natural mortality
0.2
 
# Catches
206.522
403.2542
590.9677
673.8411
679.5623
632.1039
539.2498
422.9708
316.9106
267.8261
210.5767
195.7837
197.2191
213.0316
236.6604
220.7771
195.0337
188.8665
201.2704
210.5936
213.0925
226.6197
216.6292
187.6496
159.7149
 
# Catch-at-length
8 14 48 23 7
9 18 22 31 20
4 22 28 12 34
1 19 30 13 37
13 3 20 22 42
3 36 11 13 37
6 9 32 10 43
6 11 14 31 38
27 14 24 13 22
10 39 17 10 24
18 22 39 9 12
16 44 25 13 2
37 24 28 6 5
15 49 23 5 8
6 48 34 8 4
28 23 31 14 4
27 44 14 7 8
17 32 34 5 12
11 45 35 7 2
22 28 35 14 1
22 53 10 10 5
9 44 33 8 6
11 20 43 18 8
16 28 27 23 6
27 30 22 9 12
# effective sample size
100
 
# biomass index
1971.804
2695.226
4053.63
3533.675
2752.307
2735.519
2101.486
1337.004
902.13
565.4123
431.5572
462.6909
538.5776
514.1291
597.9084
552.518
336.423
486.753
602.7074
664.1383
470.3541
427.1579
657.0392
474.0557
545.5516
# Standard error of log biomass
0.2
# CheckCode
123456
